start=496.204000
pause=yes
sub-scale=1.000000
