start=352.442000
pause=yes
sub-delay=0.800000
